set I := 1 2 3 4 5 6 7 8 9 10 11 12 13 14 15 16 17 18 19 20;

set J := 1 2 3 4 5 6 7 8 9 10 11 12 13 14 15 16 17 18 19 20 21 22 23 24 25 26 27 28 29 30 31 32 33 34 35 36 37 38 39 40 41 42 43 44 45 46 47 48 49 50 51 52 53 54 55 56 57 58 59 60 61 62 63 64 65 66 67 68 69 70 71 72 73 74 75 76 77 78 79 80 81 82 83 84 85 86 87 88 89 90 91 92 93 94 95 96 97 98 99 100;

param k := 8;

param N := 20;

param d : 1 2 3 4 5 6 7 8 9 10 11 12 13 14 15 16 17 18 19 20 21 22 23 24 25 26 27 28 29 30 31 32 33 34 35 36 37 38 39 40 41 42 43 44 45 46 47 48 49 50 51 52 53 54 55 56 57 58 59 60 61 62 63 64 65 66 67 68 69 70 71 72 73 74 75 76 77 78 79 80 81 82 83 84 85 86 87 88 89 90 91 92 93 94 95 96 97 98 99 100 :=
1 1.73 1.29 1.09 1.19 0.96 1.09 1.01 1.09 1.35 1.28 1.19 1.21 1.11 1.15 1.09 1.13 1.02 1.12 1.04 1.11 0.98 1.06 1.01 1.06 1.17 1.18 1.12 1.15 1.08 1.11 1.07 1.10 1.16 1.21 1.12 1.17 1.03 1.11 1.05 1.10 1.25 1.24 1.18 1.19 1.12 1.15 1.11 1.13 1.08 1.13 1.08 1.12 1.03 1.08 1.04 1.08 1.16 1.17 1.13 1.15 1.09 1.12 1.09 1.11 1.35 1.30 1.20 1.23 1.10 1.16 1.10 1.14 1.34 1.30 1.23 1.24 1.17 1.19 1.14 1.16 1.16 1.19 1.13 1.16 1.07 1.11 1.07 1.11 1.22 1.22 1.17 1.19 1.13 1.15 1.11 1.14 1.25 1.25 1.19 1.21
2 1.32 0.92 0.82 0.86 0.85 0.83 0.81 0.83 1.04 0.92 0.88 0.87 0.87 0.85 0.84 0.84 0.83 0.83 0.81 0.82 0.83 0.82 0.81 0.82 0.91 0.87 0.85 0.85 0.85 0.84 0.83 0.83 0.84 0.86 0.81 0.84 0.81 0.82 0.80 0.82 0.93 0.89 0.86 0.86 0.85 0.85 0.83 0.84 0.82 0.83 0.81 0.82 0.81 0.81 0.81 0.81 0.88 0.86 0.85 0.84 0.84 0.84 0.83 0.83 0.94 0.91 0.84 0.86 0.81 0.83 0.80 0.82 0.97 0.92 0.89 0.88 0.86 0.86 0.84 0.84 0.83 0.84 0.82 0.83 0.81 0.82 0.80 0.81 0.89 0.88 0.86 0.85 0.85 0.84 0.83 0.83 0.88 0.88 0.84 0.85
3 1.08 1.14 1.03 1.08 1.03 1.04 1.02 1.04 0.77 0.91 0.85 0.94 0.82 0.91 0.88 0.94 0.85 0.97 0.93 0.99 0.93 0.97 0.96 0.99 0.77 0.87 0.84 0.90 0.83 0.89 0.87 0.91 0.85 0.99 0.93 1.00 0.91 0.97 0.95 0.99 0.79 0.89 0.85 0.92 0.83 0.89 0.87 0.92 0.84 0.92 0.90 0.95 0.89 0.93 0.92 0.95 0.79 0.86 0.84 0.89 0.83 0.88 0.86 0.90 0.90 1.01 0.94 1.00 0.89 0.97 0.93 0.98 0.82 0.90 0.86 0.92 0.82 0.89 0.87 0.92 0.83 0.93 0.89 0.95 0.87 0.93 0.91 0.95 0.79 0.87 0.84 0.89 0.82 0.88 0.86 0.90 0.86 0.95 0.91 0.96
4 1.20 0.91 0.75 0.82 0.72 0.76 0.71 0.76 0.85 0.81 0.73 0.77 0.69 0.73 0.69 0.73 0.65 0.74 0.68 0.74 0.67 0.71 0.68 0.72 0.71 0.73 0.69 0.73 0.67 0.70 0.68 0.70 0.71 0.79 0.71 0.77 0.67 0.73 0.69 0.73 0.76 0.77 0.72 0.75 0.69 0.72 0.69 0.72 0.66 0.72 0.68 0.73 0.66 0.70 0.67 0.71 0.70 0.73 0.69 0.72 0.67 0.70 0.68 0.70 0.85 0.86 0.76 0.81 0.69 0.75 0.70 0.75 0.83 0.82 0.76 0.78 0.71 0.74 0.71 0.74 0.70 0.75 0.70 0.75 0.66 0.71 0.68 0.72 0.73 0.75 0.71 0.74 0.69 0.71 0.69 0.71 0.77 0.80 0.74 0.78
5 0.81 0.99 0.97 0.97 1.08 0.99 1.01 0.98 0.65 0.76 0.76 0.82 0.81 0.83 0.85 0.87 0.88 0.89 0.91 0.92 0.98 0.94 0.96 0.95 0.73 0.78 0.79 0.82 0.83 0.84 0.85 0.86 0.75 0.85 0.85 0.89 0.90 0.90 0.92 0.92 0.68 0.75 0.75 0.80 0.78 0.81 0.82 0.84 0.80 0.84 0.85 0.87 0.89 0.89 0.90 0.90 0.73 0.77 0.78 0.81 0.81 0.82 0.83 0.84 0.68 0.82 0.80 0.86 0.82 0.86 0.87 0.89 0.64 0.73 0.72 0.78 0.74 0.78 0.79 0.82 0.73 0.80 0.80 0.84 0.83 0.85 0.86 0.88 0.69 0.74 0.74 0.78 0.77 0.79 0.80 0.82 0.70 0.79 0.78 0.83
6 1.03 0.62 0.63 0.61 0.82 0.66 0.71 0.65 0.87 0.67 0.69 0.64 0.76 0.67 0.70 0.65 0.77 0.64 0.68 0.63 0.79 0.68 0.72 0.67 0.78 0.68 0.70 0.65 0.76 0.69 0.71 0.67 0.64 0.60 0.62 0.60 0.69 0.64 0.67 0.63 0.74 0.66 0.67 0.63 0.71 0.66 0.68 0.65 0.69 0.63 0.66 0.63 0.72 0.66 0.69 0.65 0.73 0.67 0.69 0.65 0.72 0.68 0.70 0.66 0.64 0.59 0.58 0.58 0.63 0.60 0.62 0.61 0.74 0.66 0.66 0.62 0.69 0.64 0.66 0.63 0.64 0.61 0.62 0.60 0.67 0.63 0.65 0.63 0.71 0.65 0.67 0.64 0.70 0.66 0.67 0.65 0.62 0.60 0.60 0.59
7 0.88 0.64 0.65 0.63 0.84 0.68 0.73 0.67 0.72 0.59 0.61 0.59 0.68 0.62 0.65 0.62 0.72 0.62 0.67 0.63 0.77 0.68 0.72 0.67 0.68 0.61 0.63 0.60 0.69 0.64 0.67 0.64 0.56 0.57 0.59 0.59 0.67 0.63 0.66 0.63 0.62 0.58 0.59 0.58 0.64 0.61 0.63 0.61 0.63 0.59 0.62 0.60 0.69 0.64 0.67 0.64 0.63 0.59 0.61 0.59 0.66 0.62 0.64 0.62 0.53 0.55 0.54 0.56 0.59 0.58 0.60 0.60 0.61 0.56 0.56 0.56 0.60 0.58 0.59 0.58 0.56 0.56 0.57 0.57 0.62 0.60 0.62 0.61 0.60 0.57 0.58 0.57 0.62 0.60 0.61 0.60 0.53 0.54 0.54 0.55
8 1.10 0.89 0.71 0.79 0.64 0.71 0.65 0.71 0.69 0.72 0.62 0.69 0.54 0.63 0.58 0.64 0.51 0.67 0.60 0.68 0.56 0.63 0.60 0.65 0.55 0.62 0.57 0.63 0.53 0.59 0.56 0.61 0.61 0.74 0.64 0.72 0.57 0.66 0.61 0.67 0.62 0.68 0.61 0.67 0.56 0.62 0.58 0.63 0.54 0.64 0.59 0.65 0.55 0.62 0.58 0.63 0.56 0.62 0.58 0.63 0.54 0.59 0.56 0.61 0.78 0.81 0.70 0.76 0.60 0.69 0.63 0.69 0.71 0.73 0.66 0.71 0.59 0.65 0.60 0.65 0.59 0.68 0.62 0.68 0.56 0.63 0.59 0.65 0.60 0.65 0.60 0.65 0.56 0.61 0.58 0.62 0.68 0.74 0.67 0.72
9 0.61 0.89 0.95 0.91 1.13 0.97 1.03 0.96 0.61 0.68 0.73 0.76 0.82 0.81 0.85 0.84 0.92 0.86 0.92 0.89 1.02 0.94 0.99 0.94 0.74 0.75 0.79 0.79 0.86 0.83 0.87 0.85 0.71 0.79 0.83 0.84 0.91 0.88 0.92 0.90 0.64 0.69 0.72 0.75 0.78 0.79 0.82 0.82 0.81 0.81 0.85 0.84 0.91 0.88 0.92 0.90 0.72 0.74 0.77 0.78 0.82 0.81 0.84 0.83 0.55 0.72 0.73 0.78 0.80 0.82 0.85 0.85 0.55 0.64 0.66 0.71 0.71 0.74 0.76 0.78 0.70 0.75 0.78 0.80 0.84 0.83 0.86 0.85 0.65 0.69 0.71 0.74 0.76 0.77 0.79 0.79 0.62 0.70 0.72 0.76
10 1.26 0.79 0.56 0.67 0.44 0.56 0.48 0.56 0.87 0.76 0.66 0.68 0.58 0.61 0.55 0.59 0.48 0.59 0.50 0.58 0.44 0.51 0.46 0.52 0.66 0.65 0.59 0.62 0.55 0.57 0.53 0.56 0.63 0.69 0.58 0.64 0.49 0.57 0.51 0.56 0.74 0.72 0.65 0.67 0.59 0.61 0.57 0.60 0.54 0.60 0.53 0.58 0.48 0.53 0.49 0.54 0.64 0.64 0.60 0.62 0.56 0.58 0.55 0.57 0.86 0.80 0.68 0.71 0.57 0.63 0.56 0.61 0.85 0.79 0.72 0.72 0.65 0.66 0.61 0.63 0.63 0.66 0.59 0.63 0.53 0.58 0.53 0.57 0.70 0.69 0.65 0.66 0.60 0.61 0.58 0.60 0.74 0.74 0.66 0.69
11 0.70 0.63 0.59 0.59 0.73 0.61 0.64 0.60 0.44 0.42 0.41 0.45 0.47 0.46 0.48 0.49 0.54 0.51 0.54 0.54 0.63 0.57 0.60 0.57 0.42 0.42 0.44 0.45 0.49 0.47 0.50 0.49 0.38 0.49 0.47 0.51 0.53 0.52 0.54 0.54 0.37 0.40 0.40 0.43 0.43 0.44 0.46 0.47 0.44 0.47 0.48 0.49 0.53 0.52 0.54 0.53 0.40 0.41 0.42 0.44 0.46 0.45 0.47 0.47 0.39 0.48 0.43 0.49 0.44 0.49 0.49 0.51 0.37 0.40 0.37 0.42 0.38 0.42 0.42 0.44 0.37 0.43 0.43 0.47 0.46 0.48 0.49 0.50 0.36 0.39 0.39 0.42 0.41 0.43 0.43 0.45 0.36 0.43 0.41 0.46
12 0.96 1.06 0.91 0.98 0.84 0.90 0.86 0.91 0.53 0.76 0.67 0.80 0.59 0.74 0.69 0.78 0.63 0.82 0.76 0.85 0.73 0.81 0.78 0.83 0.52 0.69 0.64 0.74 0.60 0.70 0.68 0.74 0.69 0.87 0.79 0.88 0.73 0.83 0.79 0.85 0.59 0.74 0.68 0.77 0.62 0.72 0.69 0.76 0.64 0.78 0.73 0.81 0.70 0.77 0.75 0.80 0.58 0.69 0.65 0.73 0.62 0.70 0.67 0.73 0.82 0.92 0.83 0.90 0.74 0.84 0.79 0.85 0.66 0.78 0.71 0.79 0.64 0.74 0.70 0.77 0.67 0.80 0.74 0.82 0.69 0.78 0.75 0.80 0.60 0.71 0.67 0.74 0.62 0.71 0.68 0.74 0.74 0.84 0.78 0.85
13 0.44 0.40 0.51 0.44 0.77 0.53 0.63 0.52 0.38 0.19 0.31 0.28 0.47 0.37 0.45 0.40 0.59 0.41 0.52 0.44 0.67 0.53 0.60 0.52 0.43 0.32 0.40 0.35 0.51 0.42 0.49 0.43 0.29 0.30 0.39 0.37 0.53 0.44 0.51 0.46 0.29 0.22 0.30 0.28 0.41 0.35 0.41 0.38 0.44 0.37 0.44 0.40 0.54 0.47 0.52 0.47 0.37 0.31 0.37 0.34 0.45 0.40 0.45 0.41 0.00 0.20 0.25 0.29 0.38 0.35 0.42 0.39 0.19 0.12 0.21 0.21 0.32 0.28 0.34 0.32 0.29 0.28 0.35 0.33 0.45 0.40 0.45 0.42 0.28 0.24 0.30 0.28 0.38 0.34 0.39 0.36 0.15 0.20 0.26 0.27
14 0.67 0.37 0.29 0.31 0.48 0.30 0.36 0.30 0.36 0.13 0.06 0.10 0.20 0.10 0.16 0.14 0.30 0.18 0.24 0.22 0.38 0.26 0.32 0.26 0.21 0.04 0.12 0.08 0.23 0.14 0.20 0.15 0.00 0.19 0.15 0.20 0.24 0.20 0.24 0.22 0.18 0.09 0.04 0.08 0.13 0.07 0.12 0.11 0.15 0.12 0.16 0.16 0.25 0.20 0.24 0.21 0.14 0.03 0.09 0.07 0.17 0.11 0.16 0.13 0.29 0.27 0.15 0.22 0.11 0.17 0.17 0.19 0.27 0.18 0.10 0.12 0.07 0.05 0.05 0.09 0.02 0.11 0.09 0.14 0.16 0.14 0.18 0.17 0.13 0.06 0.04 0.05 0.11 0.06 0.10 0.09 0.15 0.18 0.10 0.17
15 0.93 0.57 0.34 0.45 0.25 0.32 0.24 0.32 0.51 0.42 0.29 0.36 0.14 0.25 0.15 0.25 0.00 0.29 0.17 0.30 0.12 0.21 0.16 0.24 0.26 0.28 0.19 0.27 0.09 0.18 0.11 0.20 0.30 0.42 0.28 0.38 0.13 0.28 0.20 0.29 0.38 0.38 0.29 0.34 0.19 0.26 0.19 0.26 0.15 0.28 0.19 0.28 0.09 0.21 0.15 0.23 0.25 0.28 0.22 0.27 0.14 0.20 0.15 0.21 0.59 0.55 0.41 0.46 0.24 0.35 0.26 0.34 0.52 0.48 0.39 0.41 0.28 0.33 0.26 0.31 0.29 0.36 0.27 0.34 0.16 0.26 0.20 0.27 0.35 0.36 0.29 0.33 0.21 0.26 0.20 0.26 0.44 0.46 0.37 0.41
16 0.49 0.69 0.65 0.66 0.76 0.66 0.69 0.65 0.00 0.34 0.33 0.44 0.38 0.44 0.46 0.49 0.51 0.54 0.56 0.57 0.63 0.59 0.62 0.61 0.26 0.36 0.37 0.43 0.42 0.44 0.47 0.48 0.36 0.52 0.51 0.56 0.54 0.56 0.57 0.58 0.18 0.35 0.34 0.42 0.36 0.42 0.43 0.46 0.42 0.48 0.49 0.52 0.53 0.53 0.55 0.56 0.28 0.36 0.37 0.42 0.40 0.43 0.44 0.46 0.38 0.52 0.47 0.54 0.46 0.52 0.52 0.55 0.19 0.35 0.31 0.41 0.31 0.39 0.39 0.44 0.34 0.45 0.45 0.50 0.47 0.50 0.51 0.53 0.23 0.34 0.33 0.40 0.35 0.40 0.41 0.44 0.34 0.46 0.43 0.49
17 1.14 0.61 0.34 0.47 0.00 0.31 0.17 0.32 0.76 0.60 0.49 0.49 0.38 0.40 0.32 0.37 0.25 0.37 0.24 0.35 0.12 0.25 0.16 0.27 0.50 0.47 0.40 0.42 0.33 0.35 0.30 0.33 0.48 0.52 0.39 0.45 0.24 0.35 0.26 0.34 0.61 0.56 0.48 0.49 0.40 0.42 0.36 0.39 0.35 0.40 0.32 0.38 0.24 0.30 0.24 0.30 0.48 0.47 0.42 0.43 0.36 0.38 0.33 0.36 0.77 0.66 0.53 0.55 0.38 0.44 0.36 0.41 0.74 0.65 0.58 0.56 0.49 0.49 0.43 0.45 0.49 0.50 0.42 0.45 0.32 0.37 0.31 0.36 0.57 0.54 0.49 0.49 0.43 0.43 0.39 0.41 0.62 0.60 0.51 0.53
18 0.92 0.28 0.00 0.14 0.34 0.03 0.17 0.02 0.65 0.36 0.33 0.24 0.35 0.22 0.24 0.16 0.34 0.12 0.17 0.08 0.31 0.13 0.21 0.10 0.45 0.29 0.30 0.22 0.34 0.23 0.26 0.18 0.29 0.22 0.15 0.14 0.20 0.10 0.14 0.07 0.47 0.34 0.31 0.25 0.32 0.23 0.24 0.19 0.28 0.17 0.19 0.13 0.25 0.14 0.19 0.12 0.39 0.29 0.29 0.23 0.32 0.24 0.25 0.20 0.51 0.36 0.25 0.24 0.19 0.16 0.13 0.12 0.55 0.41 0.37 0.31 0.35 0.27 0.26 0.22 0.31 0.24 0.21 0.18 0.22 0.15 0.17 0.12 0.42 0.33 0.32 0.27 0.32 0.25 0.26 0.21 0.39 0.31 0.26 0.23
19 0.79 0.00 0.28 0.14 0.61 0.31 0.45 0.30 0.69 0.34 0.41 0.28 0.53 0.35 0.43 0.32 0.57 0.29 0.42 0.28 0.58 0.39 0.48 0.36 0.58 0.39 0.45 0.34 0.54 0.41 0.47 0.37 0.37 0.19 0.30 0.20 0.45 0.30 0.39 0.29 0.52 0.35 0.40 0.30 0.48 0.36 0.41 0.33 0.46 0.31 0.39 0.29 0.49 0.37 0.43 0.35 0.51 0.38 0.43 0.35 0.50 0.40 0.44 0.37 0.40 0.20 0.24 0.16 0.35 0.23 0.31 0.24 0.53 0.35 0.38 0.29 0.44 0.33 0.38 0.30 0.40 0.27 0.33 0.25 0.42 0.32 0.38 0.30 0.49 0.37 0.40 0.32 0.46 0.37 0.41 0.34 0.36 0.24 0.28 0.21
20 0.00 0.79 0.92 0.85 1.14 0.94 1.02 0.93 0.49 0.56 0.66 0.68 0.79 0.75 0.82 0.79 0.93 0.82 0.91 0.85 1.04 0.92 0.99 0.92 0.70 0.68 0.75 0.74 0.84 0.80 0.85 0.82 0.67 0.71 0.79 0.78 0.91 0.85 0.91 0.86 0.56 0.60 0.66 0.68 0.75 0.73 0.78 0.77 0.80 0.77 0.83 0.81 0.91 0.86 0.91 0.87 0.68 0.68 0.73 0.72 0.80 0.77 0.81 0.79 0.44 0.61 0.68 0.71 0.78 0.77 0.82 0.80 0.43 0.52 0.58 0.62 0.66 0.67 0.72 0.72 0.67 0.69 0.75 0.75 0.83 0.80 0.84 0.82 0.59 0.61 0.66 0.67 0.73 0.72 0.76 0.75 0.55 0.62 0.67 0.69;

param w :=
 1 2136
 2 17130
 3 2713
 4 4467
 5 2970
 6 7758
 7 8395
 8 2778
 9 4377
 10 5389
 11 6697
 12 1791
 13 6089
 14 4687
 15 4332
 16 6000
 17 5724
 18 7995
 19 10864
 20 95608;